 6 
 12 
 366 
1/1/1968
 9497 
1/1/1968
 9497 
#FALSE#
1
 1 
False
tmaxSP.dat
eraimslpSP.dat
eraip__vSP.dat
eraip500SP.dat
erair500SP.dat
erair700SP.dat
erais850SP.dat
14.827        -3.418        -0.696        5.884         -0.745        -0.010        0.080         4.032         0.625         
19.269        -3.650        -0.408        6.972         -0.797        -0.123        1.184         4.214         0.689         
20.471        -3.016        0.214         6.567         -0.582        -0.958        0.093         3.572         0.733         
22.388        -2.594        0.665         6.799         -0.944        -0.534        -0.385        3.186         0.755         
22.915        -2.518        0.905         7.242         -0.465        -0.900        -0.341        2.603         0.775         
22.174        -3.254        0.813         8.497         -0.426        -0.302        -0.388        2.275         0.768         
22.595        -3.629        0.836         8.035         -0.370        -0.331        -0.473        1.716         0.759         
19.521        -4.151        0.698         9.377         -0.471        -0.307        0.084         1.849         0.750         
20.448        -3.498        0.893         7.865         -0.302        -0.873        0.491         2.511         0.789         
19.667        -3.297        0.915         7.547         -0.306        -0.347        -0.509        3.154         0.729         
16.693        -3.380        0.570         7.065         -0.283        0.217         -1.175        3.513         0.734         
14.832        -3.372        -0.504        6.220         -0.330        -0.132        0.052         3.967         0.662         
C:\Users\katri\Downloads\p1\p1\obs\tmaxSP.dat
