0.805         -2.558        -1.454        4.832         -0.006        0.514         4.519         2.704         0.702
2.755         -2.620        -1.218        4.918         -0.269        0.536         4.694         3.023         0.708
3.039         -2.834        -0.918        5.176         0.062         0.589         2.627         2.600         0.713
3.687         -3.194        -0.717        5.622         0.048         0.823         0.369         2.186         0.730
5.516         -3.312        -0.644        6.355         0.169         0.703         0.851         1.918         0.752
6.036         -3.309        -0.568        6.914         0.218         1.009         0.665         1.631         0.747
6.262         -3.457        -1.073        6.998         0.039         0.657         0.627         1.394         0.653
4.409         -3.583        -1.138        7.828         0.064         0.541         0.922         1.428         0.704
3.483         -3.702        -0.785        7.264         0.128         0.705         1.165         1.978         0.789
2.347         -2.779        -0.717        5.770         0.000         1.011         1.816         2.505         0.684
0.582         -2.694        -0.966        5.262         0.058         0.808         2.100         2.618         0.719
0.074         -2.658        -1.426        4.857         0.069         0.252         3.626         2.816         0.713         
