 6 
 12 
 366 
1/1/1963
 9497 
1/1/1963
 9497 
#FALSE#
1
 1 
False
tmaxSP.dat
eraimslpSP.dat
eraip__vSP.dat
eraip500SP.dat
erair500SP.dat
erair700SP.dat
erais850SP.dat
14.817        -3.396        -0.677        5.854         -0.728        -0.029        0.133         4.027         0.621         
19.268        -3.669        -0.431        6.927         -0.840        -0.089        1.245         4.203         0.694         
20.442        -3.011        0.235         6.570         -0.542        -0.972        0.049         3.583         0.732         
22.432        -2.651        0.584         6.941         -0.964        -0.489        -0.312        3.178         0.757         
22.900        -2.515        0.939         7.230         -0.464        -0.891        -0.358        2.636         0.772         
22.232        -3.202        0.789         8.457         -0.431        -0.339        -0.363        2.267         0.770         
22.484        -3.674        0.832         8.115         -0.386        -0.327        -0.486        1.748         0.756         
19.504        -4.162        0.687         9.399         -0.472        -0.311        0.082         1.851         0.749         
20.398        -3.499        0.905         7.914         -0.290        -0.886        0.497         2.499         0.790         
19.705        -3.296        0.903         7.511         -0.328        -0.345        -0.496        3.143         0.731         
16.758        -3.376        0.558         7.078         -0.303        0.186         -1.062        3.516         0.734         
14.860        -3.372        -0.499        6.199         -0.337        -0.129        0.052         3.984         0.661         
C:\Users\katri\Downloads\p1\p1\obs\tmaxSP.dat
