,January,February,March,April,May,June,July,August,September,October,November,December
mslp,-2.127665,-3.0000281,-2.4187558,-0.47676325,-1.2987522,-1.3267349,-0.853711,-0.8335681,-0.49286696,-1.8546197,-2.4674573,-2.1845992
vas,0.7055179,0.4081487,1.2308304,1.0060819,0.694611,0.19525062,-0.0812816,-0.0988636,0.367596,1.1414475,0.66467136,0.42841685
RH_p500,-0.49366006,-0.59353334,-0.57449645,-0.53201705,-0.3327266,-0.24053621,-0.18794107,-0.2717654,-0.7496395,-0.9989545,-0.43068805,-0.33277678
U_p850,-0.008105472,-0.54753834,-0.020383108,0.69539595,0.23436658,0.08952759,0.08208464,0.4166848,-0.092775926,-0.09706072,-0.04795923,0.6392054
Q_p850,2.377794,2.4747062,0.92970425,2.848749,1.8257935,0.7552949,1.3644592,1.0563357,3.563484,2.3952873,2.5945258,1.8800762
Vort_p500,0.7286169,1.079485,0.5822058,0.2563443,0.47817045,-0.007029146,0.22270268,0.0949707,0.06603971,1.0527588,0.82876533,0.92622995
RH_p850,-3.2819872,-3.0641766,-1.6628363,-3.2203577,-2.598104,-1.6401968,-2.5282502,-2.058355,-4.0193567,-2.4800863,-2.5838912,-2.1018467
Z_p500,2.1801715,3.1970701,2.9081209,1.7655143,2.273902,1.4460763,0.8377745,0.8055682,0.50304765,2.1585608,2.8978868,2.882706
constant,14.842537,17.833553,21.77169,26.91083,31.109442,34.268265,35.079784,34.212723,30.797056,25.501244,18.798395,14.191228
