,January,February,March,April,May,June,July,August,September,October,November,December
mslp,-0.9079215,-2.07931,-2.1807532,-0.4871902,-1.1874764,-1.1356633,-0.9338831,-0.8368908,-1.2261163,-1.5393732,-2.476935,-1.6197802
vas,-0.005396694,0.24867712,0.86325884,0.8537554,0.59427226,0.46218592,0.06564323,0.19971827,0.46039787,1.1019824,0.7359728,0.309242
RH_p500,-0.15387022,-0.12963882,-0.6291208,-0.38224944,-0.24081689,-0.21578148,-0.23875435,-0.34872416,-0.42313838,-0.7422865,-0.35030684,-0.18864043
U_p850,0.58541596,-0.26787278,0.26414457,0.7758184,0.3305415,0.13271886,-0.10062668,0.16289595,0.10541624,-0.15504822,0.013038136,0.37717536
Q_p850,2.7132733,2.3687067,1.0836693,2.6656213,2.235514,0.9228669,1.3771713,0.9602121,1.9728006,2.491489,1.7791171,2.311297
Vort_p500,0.70668185,0.48574248,0.3510065,0.1009258,0.37304246,-0.19763216,0.0925371,-0.04081492,0.19285312,1.0328019,0.7785697,1.1564089
RH_p850,-4.1360507,-3.588761,-1.838243,-3.0802145,-2.8628638,-2.0649433,-2.3227322,-1.9332232,-2.7172701,-2.8770223,-2.4467683,-3.0931418
Z_p500,2.140078,2.700345,2.8450131,1.8612764,2.2947667,1.6654035,0.9281585,0.96208304,1.4675744,2.35243,3.255853,3.0657318
constant,11.585359,13.95445,17.93811,22.813362,27.747759,31.717588,33.21562,31.946833,28.56258,22.906086,15.726343,10.693988
