,January,February,March,April,May,June,July,August,September,October,November,December
mslp,-2.1276693,-3.0000281,-2.4187539,-0.47676325,-1.2987481,-1.3267349,-0.8537066,-0.83357584,-0.49286696,-1.8546208,-2.4674573,-2.1846023
vas,0.7055186,0.4081487,1.2308301,1.0060819,0.6946102,0.19525062,-0.081280924,-0.09886482,0.367596,1.1414478,0.66467136,0.42841595
RH_p500,-0.49365982,-0.59353334,-0.57449675,-0.53201705,-0.33272713,-0.24053621,-0.1879411,-0.27176663,-0.7496395,-0.9989542,-0.43068805,-0.33277637
U_p850,-0.008105636,-0.54753834,-0.02038373,0.69539595,0.23436885,0.08952759,0.08208245,0.41668445,-0.092775926,-0.09706235,-0.04795923,0.6392054
Q_p850,2.3777907,2.4747062,0.9297038,2.848749,1.8258018,0.7552949,1.364466,1.0563247,3.563484,2.3952925,2.5945258,1.8800731
Vort_p500,0.7286182,1.079485,0.5822058,0.2563443,0.47816855,-0.007029146,0.22270292,0.09497287,0.06603971,1.0527586,0.82876533,0.9262314
RH_p850,-3.281985,-3.0641766,-1.6628383,-3.2203577,-2.5981224,-1.6401968,-2.528256,-2.0583408,-4.0193567,-2.480089,-2.5838912,-2.1018455
Z_p500,2.1801724,3.1970701,2.90812,1.7655143,2.2738955,1.4460763,0.8377714,0.80557483,0.50304765,2.1585615,2.8978868,2.8827083
constant,14.842538,17.833553,21.771688,26.91083,31.109447,34.268265,35.079784,34.212723,30.797056,25.501244,18.798395,14.191227
