,January,February,March,April,May,June,July,August,September,October,November,December
mslp,-2.0129523,-3.1402886,-2.1129367,-0.9723872,-1.6462029,-0.204296,0.04378894,-0.6078174,-0.46901667,-1.2676369,-2.5037665,-2.5806987
vas,1.2701286,0.8028974,1.8647078,1.5374268,0.869276,0.41889226,-0.0072316006,0.121811,0.54223794,1.2316236,1.1574773,0.99378175
RH_p500,-0.7783278,-0.67641985,-0.5387103,-0.75302875,-0.3196096,-0.39664862,-0.35344487,-0.2895978,-0.8698505,-0.9238368,-0.6431,-0.5611192
U_p850,-0.2354578,-0.35429353,-0.123288155,0.30646336,0.17529836,0.10262561,-0.08450033,0.10954435,-0.28756353,0.16450404,-0.06435512,0.2863253
Q_p850,3.0338037,2.705198,2.1738112,2.9532743,1.2126461,1.9498979,2.2020373,1.276785,4.39181,3.525043,3.0476422,2.2811337
Vort_p500,0.9741112,1.2231877,0.7573251,0.6402682,0.5660827,-0.1639163,0.0004808344,0.06383876,0.23390418,0.94340795,1.0899813,1.2596514
RH_p850,-3.7450976,-3.233858,-2.8948224,-3.203199,-2.0124643,-2.8118124,-3.7020528,-2.4605896,-4.5205226,-3.1956577,-2.7380123,-2.3230553
Z_p500,1.7359911,2.9744627,2.0337605,1.5016471,2.0201802,0.35062945,0.33301768,0.6382495,0.41849977,1.6002166,2.6860948,2.722814
constant,14.5923815,17.267027,21.353973,26.506914,30.086147,32.97927,34.69247,34.339546,30.45558,25.166286,18.64558,13.863282
